Lambda1 / Mh(1)                Lambda2 / Mh(2)                Lambda3 / Mh(3)                Lambda4 / Mhplus(1)            Lambda5 / HBresult             M12 / chi2(mu)                 TanBeta / chi2(H)              
-0.01                         -0.05                         -0.3                          0.1                           0.1                           0.1                           0.1                           0.1                           0.1                           0.1                           0.1                           0.1                           0.1                           
4.38392276E+01       8.46866318E+01       1.10114012E+02       5.50576503E+01       0                    143.053              0.00000              
 
-0.01                         -0.05                         0.5                           0.1                           0.1                           0.1                           0.1                           0.1                           0.1                           0.1                           0.1                           0.1                           0.1                           
4.38392276E+01       8.46866318E+01       1.10114012E+02       5.50576503E+01       0                    143.056              0.00000              
 
-0.01                         -0.05                         1.3                           0.1                           0.1                           0.1                           0.1                           0.1                           0.1                           0.1                           0.1                           0.1                           0.1                           
4.38392276E+01       8.46866318E+01       1.10114012E+02       5.50576503E+01       0                    143.059              0.00000              
 
0.57                          -0.05                         -0.3                          0.1                           0.1                           0.1                           0.1                           0.1                           0.1                           0.1                           0.1                           0.1                           0.1                           
4.38392276E+01       8.46866318E+01       1.10114012E+02       5.50576503E+01       0                    143.053              0.00000              
 
0.57                          -0.05                         0.5                           0.1                           0.1                           0.1                           0.1                           0.1                           0.1                           0.1                           0.1                           0.1                           0.1                           
4.38392276E+01       8.46866318E+01       1.10114012E+02       5.50576503E+01       0                    143.056              0.00000              
 
0.57                          -0.05                         1.3                           0.1                           0.1                           0.1                           0.1                           0.1                           0.1                           0.1                           0.1                           0.1                           0.1                           
4.38392276E+01       8.46866318E+01       1.10114012E+02       5.50576503E+01       0                    143.059              0.00000              
 
1.15                          -0.05                         -0.3                          0.1                           0.1                           0.1                           0.1                           0.1                           0.1                           0.1                           0.1                           0.1                           0.1                           
4.38392276E+01       8.46866318E+01       1.10114012E+02       5.50576503E+01       0                    143.053              0.00000              
 
1.15                          -0.05                         0.5                           0.1                           0.1                           0.1                           0.1                           0.1                           0.1                           0.1                           0.1                           0.1                           0.1                           
4.38392276E+01       8.46866318E+01       1.10114012E+02       5.50576503E+01       0                    143.056              0.00000              
 
1.15                          -0.05                         1.3                           0.1                           0.1                           0.1                           0.1                           0.1                           0.1                           0.1                           0.1                           0.1                           0.1                           
4.38392276E+01       8.46866318E+01       1.10114012E+02       5.50576503E+01       0                    143.059              0.00000              
 
-0.01                         0.11999999999999998           -0.3                          0.1                           0.1                           0.1                           0.1                           0.1                           0.1                           0.1                           0.1                           0.1                           0.1                           
4.38392276E+01       8.46866318E+01       1.10114012E+02       5.50576503E+01       0                    143.055              0.00000              
 
-0.01                         0.11999999999999998           0.5                           0.1                           0.1                           0.1                           0.1                           0.1                           0.1                           0.1                           0.1                           0.1                           0.1                           
4.38392276E+01       8.46866318E+01       1.10114012E+02       5.50576503E+01       0                    143.057              0.00000              
 
-0.01                         0.11999999999999998           1.3                           0.1                           0.1                           0.1                           0.1                           0.1                           0.1                           0.1                           0.1                           0.1                           0.1                           
4.38392276E+01       8.46866318E+01       1.10114012E+02       5.50576503E+01       0                    143.060              0.00000              
 
0.57                          0.11999999999999998           -0.3                          0.1                           0.1                           0.1                           0.1                           0.1                           0.1                           0.1                           0.1                           0.1                           0.1                           
4.38392276E+01       8.46866318E+01       1.10114012E+02       5.50576503E+01       0                    143.055              0.00000              
 
0.57                          0.11999999999999998           0.5                           0.1                           0.1                           0.1                           0.1                           0.1                           0.1                           0.1                           0.1                           0.1                           0.1                           
4.38392276E+01       8.46866318E+01       1.10114012E+02       5.50576503E+01       0                    143.057              0.00000              
 
0.57                          0.11999999999999998           1.3                           0.1                           0.1                           0.1                           0.1                           0.1                           0.1                           0.1                           0.1                           0.1                           0.1                           
4.38392276E+01       8.46866318E+01       1.10114012E+02       5.50576503E+01       0                    143.060              0.00000              
 
1.15                          0.11999999999999998           -0.3                          0.1                           0.1                           0.1                           0.1                           0.1                           0.1                           0.1                           0.1                           0.1                           0.1                           
4.38392276E+01       8.46866318E+01       1.10114012E+02       5.50576503E+01       0                    143.055              0.00000              
 
1.15                          0.11999999999999998           0.5                           0.1                           0.1                           0.1                           0.1                           0.1                           0.1                           0.1                           0.1                           0.1                           0.1                           
4.38392276E+01       8.46866318E+01       1.10114012E+02       5.50576503E+01       0                    143.057              0.00000              
 
1.15                          0.11999999999999998           1.3                           0.1                           0.1                           0.1                           0.1                           0.1                           0.1                           0.1                           0.1                           0.1                           0.1                           
4.38392276E+01       8.46866318E+01       1.10114012E+02       5.50576503E+01       0                    143.060              0.00000              
 
-0.01                         0.29                          -0.3                          0.1                           0.1                           0.1                           0.1                           0.1                           0.1                           0.1                           0.1                           0.1                           0.1                           
4.38392276E+01       8.46866318E+01       1.10114012E+02       5.50576503E+01       0                    143.056              0.00000              
 
-0.01                         0.29                          0.5                           0.1                           0.1                           0.1                           0.1                           0.1                           0.1                           0.1                           0.1                           0.1                           0.1                           
4.38392276E+01       8.46866318E+01       1.10114012E+02       5.50576503E+01       0                    143.059              0.00000              
 
-0.01                         0.29                          1.3                           0.1                           0.1                           0.1                           0.1                           0.1                           0.1                           0.1                           0.1                           0.1                           0.1                           
4.38392276E+01       8.46866318E+01       1.10114012E+02       5.50576503E+01       0                    143.061              0.00000              
 
0.57                          0.29                          -0.3                          0.1                           0.1                           0.1                           0.1                           0.1                           0.1                           0.1                           0.1                           0.1                           0.1                           
4.38392276E+01       8.46866318E+01       1.10114012E+02       5.50576503E+01       0                    143.056              0.00000              
 
0.57                          0.29                          0.5                           0.1                           0.1                           0.1                           0.1                           0.1                           0.1                           0.1                           0.1                           0.1                           0.1                           
4.38392276E+01       8.46866318E+01       1.10114012E+02       5.50576503E+01       0                    143.059              0.00000              
 
0.57                          0.29                          1.3                           0.1                           0.1                           0.1                           0.1                           0.1                           0.1                           0.1                           0.1                           0.1                           0.1                           
4.38392276E+01       8.46866318E+01       1.10114012E+02       5.50576503E+01       0                    143.061              0.00000              
 
1.15                          0.29                          -0.3                          0.1                           0.1                           0.1                           0.1                           0.1                           0.1                           0.1                           0.1                           0.1                           0.1                           
4.38392276E+01       8.46866318E+01       1.10114012E+02       5.50576503E+01       0                    143.056              0.00000              
 
1.15                          0.29                          0.5                           0.1                           0.1                           0.1                           0.1                           0.1                           0.1                           0.1                           0.1                           0.1                           0.1                           
4.38392276E+01       8.46866318E+01       1.10114012E+02       5.50576503E+01       0                    143.059              0.00000              
 
1.15                          0.29                          1.3                           0.1                           0.1                           0.1                           0.1                           0.1                           0.1                           0.1                           0.1                           0.1                           0.1                           
4.38392276E+01       8.46866318E+01       1.10114012E+02       5.50576503E+01       0                    143.061              0.00000              
 
