PARTICLE MASSES 
 mH(1)                mH(2)                mH(3)                
4.38392276E+01      8.46866318E+01      1.10114012E+02      5.50576503E+01      
4.38392276E+01      8.46866318E+01      1.10114012E+02      5.50576503E+01      
4.38392276E+01      8.46866318E+01      1.10114012E+02      5.50576503E+01      
4.38392276E+01      8.46866318E+01      1.10114012E+02      5.50576503E+01      
4.38392276E+01      8.46866318E+01      1.10114012E+02      5.50576503E+01      
4.38392276E+01      8.46866318E+01      1.10114012E+02      5.50576503E+01      
4.38392276E+01      8.46866318E+01      1.10114012E+02      5.50576503E+01      
4.38392276E+01      8.46866318E+01      1.10114012E+02      5.50576503E+01      
