OUTPUT / LABELS 
 T parameter          S parameter          U parameter          HB Result            HS chi^2()           HS chi^2()           
-2.74987199E-02     8.91973720E-02      -1.98907387E-03     0                    143.053              0.00000              
-2.74987199E-02     8.91973720E-02      -1.98907387E-03     0                    143.059              0.00000              
-2.74987199E-02     8.91973720E-02      -1.98907387E-03     0                    143.053              0.00000              
-2.74987199E-02     8.91973720E-02      -1.98907387E-03     0                    143.059              0.00000              
-2.74987199E-02     8.91973720E-02      -1.98907387E-03     0                    143.056              0.00000              
-2.74987199E-02     8.91973720E-02      -1.98907387E-03     0                    143.061              0.00000              
-2.74987199E-02     8.91973720E-02      -1.98907387E-03     0                    143.056              0.00000              
-2.74987199E-02     8.91973720E-02      -1.98907387E-03     0                    143.061              0.00000              
