INPUT PARAMETERS / PATTERNS 
 Lambda1    Lambda2    Lambda3    Lambda4    Lambda5    Lambda6    TanBeta    
-0.01        -0.05        -0.3         0.1          0.1          0.1          0.1          0.1          0.1          0.1          0.1          0.1          0.1          
-0.01        -0.05        1.3          0.1          0.1          0.1          0.1          0.1          0.1          0.1          0.1          0.1          0.1          
1.15         -0.05        -0.3         0.1          0.1          0.1          0.1          0.1          0.1          0.1          0.1          0.1          0.1          
1.15         -0.05        1.3          0.1          0.1          0.1          0.1          0.1          0.1          0.1          0.1          0.1          0.1          
-0.01        0.29         -0.3         0.1          0.1          0.1          0.1          0.1          0.1          0.1          0.1          0.1          0.1          
-0.01        0.29         1.3          0.1          0.1          0.1          0.1          0.1          0.1          0.1          0.1          0.1          0.1          
1.15         0.29         -0.3         0.1          0.1          0.1          0.1          0.1          0.1          0.1          0.1          0.1          0.1          
1.15         0.29         1.3          0.1          0.1          0.1          0.1          0.1          0.1          0.1          0.1          0.1          0.1          
